1 -1 4
2 1 0
3 1 4
4 1 0
5 1 1
6 1 1
7 1 1
8 1 1
9 1 1
10 1 4
11 1 4
12 1 4
13 1 4
14 1 4
15 1 4
16 1 0
17 1 4
18 1 0
19 1 4
20 1 4
21 1 4
22 1 4
23 1 4
24 1 0
25 1 0
26 1 0
27 1 0
28 1 0
29 1 4
30 1 0
31 1 0
32 1 0
33 1 0
34 1 0
35 1 0
36 1 4
37 1 0
38 1 0
39 1 4
40 1 0
41 1 4
42 1 4
43 1 4
44 1 4
45 1 4
46 1 4
47 1 4
48 1 4
49 1 4
50 1 0
51 1 4
52 1 4
53 1 0
54 1 4
55 1 4
56 1 4
57 1 4
58 1 0
59 1 4
60 1 4
61 1 4
62 1 4
63 1 0
64 1 1
65 1 0
66 1 4
67 1 4
68 1 4
69 1 4
70 1 4
71 1 4
72 1 4
73 1 4
74 1 4
75 1 4
76 1 1
77 1 4
78 1 4
79 1 4
80 1 4
81 1 4
82 1 0
83 1 0
84 1 4
85 1 4
86 1 4
87 1 4
88 1 1
89 1 0
90 1 0
91 1 0
92 1 0
93 1 0
94 1 4
95 1 0
96 1 0
97 1 0
98 1 0
99 1 0
100 1 0
101 1 1
102 2 3
103 2 0
104 2 0
105 2 0
106 2 0
107 2 0
108 2 0
109 2 0
110 2 0
111 2 0
112 2 0
113 2 0
114 2 0
115 2 0
116 2 0
117 2 0
118 2 0
119 2 0
120 2 0
121 2 0
122 2 0
123 2 0
124 2 0
125 2 0
126 2 0
127 2 0
128 2 0
129 2 4
130 2 4
131 2 4
132 2 4
133 2 0
134 2 0
135 2 0
136 2 0
137 2 0
138 2 0
139 2 0
140 2 0
141 2 0
142 2 4
143 2 4
144 2 4
145 2 0
146 2 0
147 2 0
148 2 0
149 2 0
150 2 0
151 2 0
152 2 0
153 2 0
154 2 0
155 2 0
156 2 0
157 2 0
158 2 0
159 2 4
160 2 0
161 2 0
162 2 0
163 2 0
164 2 0
165 2 0
166 2 0
167 2 0
168 2 0
169 2 4
170 2 0
171 2 0
172 2 0
173 2 0
174 2 0
175 2 0
176 2 0
177 2 0
178 2 0
179 2 0
180 2 0
181 2 0
182 2 0
183 2 0
184 2 0
185 2 0
186 2 0
187 2 0
188 2 0
189 2 0
190 2 0
191 2 0
192 2 0
193 2 0
194 2 0
195 2 0
196 2 0
197 2 0
198 2 0
199 2 0
200 2 0
201 2 0
202 2 0
203 2 0
204 2 0
205 2 0
206 2 0
207 2 0
208 2 0
209 2 0
210 2 0
211 2 4
212 2 0
213 2 0
214 2 0
215 2 0
216 2 0
217 2 4
218 2 0
219 2 1
220 2 0
221 2 1
222 2 0
223 2 0
224 2 0
225 2 0
226 2 0
227 2 0
228 2 0
229 2 0
230 2 0
231 2 0
232 2 0
233 2 0
234 2 0
235 2 0
236 2 0
237 2 0
238 2 0
239 2 0
240 2 0
241 2 0
242 2 0
243 2 0
244 2 0
245 2 0
246 2 0
247 -1 4
248 -1 4
249 -1 0
250 -1 0
251 -1 0
252 -1 0
253 -1 0
254 -1 1
255 -1 0
256 -1 0
257 -1 0
258 -1 0
259 -1 0
260 -1 0
261 -1 0
262 -1 0
263 3 5
264 3 9
265 3 1
266 3 1
267 3 1
268 3 1
269 3 4
270 3 1
271 3 1
272 3 1
273 3 1
274 3 1
275 3 1
276 3 1
277 3 1
278 3 4
279 3 1
280 3 4
281 3 1
282 3 4
283 3 4
284 3 4
285 3 1
286 3 1
287 3 4
288 3 1
289 3 1
290 3 1
291 3 4
292 3 1
293 3 1
294 3 1
295 3 1
296 3 1
297 -1 0
298 -1 0
299 -1 1
300 -1 1
301 4 3
302 4 3
303 4 0
304 4 0
305 4 0
306 4 0
307 4 0
308 4 3
309 4 3
310 4 0
311 4 2
312 4 3
313 4 3
314 4 3
315 4 0
316 4 0
317 4 0
318 4 0
319 4 0
320 4 3
321 4 3
322 4 3
323 4 3
324 4 2
325 4 2
326 4 2
327 4 2
328 4 2
329 4 2
330 4 3
331 4 3
332 4 2
333 4 2
334 4 2
335 4 2
336 4 3
337 4 3
338 4 2
339 4 2
340 4 3
341 4 3
342 4 3
343 4 3
344 5 1
345 5 1
346 5 1
347 5 1
348 5 6
349 5 1
350 5 6
351 -1 5
352 -1 1
353 -1 5
354 -1 5
355 -1 5
356 6 5
357 6 5
358 6 5
359 6 5
360 6 5
361 6 5
362 6 5
363 6 8
364 6 5
365 6 5
366 6 5
367 6 5
368 6 5
369 6 5
370 6 5
371 6 5
372 6 5
373 6 5
374 6 5
375 6 5
376 6 5
377 6 5
378 6 5
379 6 5
380 6 5
381 6 5
382 6 5
383 6 5
384 6 5
385 6 5
386 6 5
387 6 5
388 6 5
389 6 5
390 -1 1
391 -1 3
392 -1 5
393 -1 3
394 7 3
395 7 3
396 7 2
397 7 3
398 7 2
399 7 2
400 7 3
401 7 3
402 7 3
403 7 3
404 7 3
405 7 3
406 7 3
407 7 3
408 -1 3
409 -1 5
410 -1 5
411 8 3
412 8 5
413 8 3
414 8 3
415 8 3
416 8 5
417 8 0
418 8 3
419 8 3
420 8 3
421 8 3
422 8 3
423 8 3
424 8 3
425 8 5
426 8 3
427 8 5
428 8 5
429 8 5
430 8 5
431 8 5
432 8 5
433 8 5
434 8 5
435 8 5
436 8 5
437 8 5
438 8 5
439 8 5
440 8 5
441 8 5
442 8 7
443 8 3
444 8 3
445 8 3
446 8 5
447 8 5
448 8 5
449 8 3
450 8 3
451 8 3
452 8 3
453 8 5
454 8 3
455 8 3
456 8 5
457 8 5
458 8 5
459 8 5
460 8 5
461 8 5
462 8 3
463 8 3
464 8 5
465 8 5
466 8 5
467 8 5
468 8 5
469 8 5
470 8 7
471 8 7
472 8 7
473 8 7
474 9 1
475 9 5
476 9 5
477 9 1
478 9 1
479 9 5
480 9 5
481 9 5
482 9 5
483 9 5
484 9 5
485 9 5
486 9 5
487 9 5
488 9 5
489 9 5
490 9 5
491 9 7
492 9 9
493 10 3
494 10 5
495 10 5
496 10 1
497 10 1
498 10 1
499 10 1
500 10 1
501 10 6
502 10 1
503 10 5
504 10 9
505 10 1
506 10 9
507 10 5
508 10 9
509 10 9
510 10 5
511 10 5
512 10 1
513 10 9
514 10 9
515 10 9
516 10 9
517 10 9
